5805
5788
5765
5734
5715
5694
5668
5659
5632
5617
5601
5586
5563
5544
5516
5492
5469
5457
5445
5430
5414
5395
5373
5364
5343
5318
5298
5268
5244
5218
5198
5177
5159
5142
5119
5099
5074
5057
5028
5007
4992
4979
4956
4938
4919
4904
4885
4866
4843
4816
4790
4765
4740
4722
4698
4675
4652
4637
4614
4595
4568
4549
4538
4515
4489
4477
4455
4437
4413
4386
4372
4357
4341
4324
4304
4286
4264
4245
4220
4198
4180
4156
4137
4122
4106
4084
4069
4054
4031
4017
3997
3984
3975
3942
3911
3894
3859
3836
3823
3789
3769
3747
3727
3718
3705
3687
3665
3638
3620
3588
3561
3541
3522
3505
3482
3469
3458
3437
3416
3389
3367
3346
3328
3313
3295
3271
3247
3224
3193
3168
3154
3132
3115
3086
3066
3037
3019
3002
2987
2966
2943
2921
2902
2883
2863
2841
2821
2804
2780
2767
2755
2737
2717
2695
2675
2640
2621
2602
2580
2564
2539
2525
2509
2482
2458
2436
2420
2395
2375
2353
2329
2308
2291
2269
2249
2233
2211
2185
2163
2138
2121
2100
2082
2066
2044
2021
1997
1970
1942
1924
1905
1883
1871
1843
1826
1807
1786
1763
1747
1729
1701
1681
1663
1649
1627
1604
1584
1568
1542
1523
1501
1475
1457
1441
1417
1394
1370
1350
1325
1305
1285
1276
1260
1242
1215
1197
1181
1162
1140
1113
1099
1082
1055
1038
1021
1005
986
967
940
911
888
878
854
829
814
800
782
761
747
723
701
687
672
651
627
614
599
576
559
536
516
497
480
459
441
417
387
364
347
323
312
285
274
260
246
230
207
191
170
155
135
107
87
58

33
